 PAYOFF TABLE
      -18.12        4.53
      107.83      -76.27

 Grid points
    4.53 : 0.82 : -76.27

Efficient solutions
    1      0.0000      4.5308      0.0000
           -18.12        4.53

    2      0.0000      4.5308      0.0240
           -16.85        3.71

    3      0.0000      4.5308      0.0480
           -15.58        2.90

    4      0.0000      4.5308      0.0720
           -14.31        2.08

    5      0.0000      4.5308      0.0960
           -13.03        1.27

    6      0.0000      4.5308      0.1200
           -11.76        0.45

    7      0.0000      4.5308      0.1440
           -10.49       -0.37

    8      0.0000      4.5308      0.1680
            -9.22       -1.18

    9      0.0000      4.5308      0.1920
            -7.94       -2.00

   10      0.0000      4.5308      0.2160
            -6.67       -2.81

   11      0.0000      4.5308      0.2401
            -5.40       -3.63

   12      0.0000      4.5308      0.2641
            -4.13       -4.45

   13      0.0000      4.5308      0.2881
            -2.86       -5.26

   14      0.0000      4.5308      0.3121
            -1.58       -6.08

   15      0.0000      4.5308      0.3361
            -0.31       -6.90

   16      0.0000      4.5308      0.3601
             0.96       -7.71

   17      0.0000      4.5308      0.3841
             2.23       -8.53

   18      0.0000      4.5308      0.4081
             3.51       -9.34

   19      0.0000      4.5308      0.4321
             4.78      -10.16

   20      0.0000      4.5308      0.4561
             6.05      -10.98

   21      0.0000      4.5308      0.4801
             7.32      -11.79

   22      0.0000      4.5308      0.5041
             8.60      -12.61

   23      0.0000      4.5308      0.5281
             9.87      -13.43

   24      0.0000      4.5308      0.5521
            11.14      -14.24

   25      0.0000      4.5308      0.5761
            12.41      -15.06

   26      0.0000      4.5308      0.6001
            13.68      -15.87

   27      0.0000      4.5308      0.6241
            14.96      -16.69

   28      0.0000      4.5308      0.6481
            16.23      -17.51

   29      0.0000      4.5308      0.6722
            17.50      -18.32

   30      0.0000      4.5308      0.6962
            18.77      -19.14

   31      0.0000      4.5308      0.7202
            20.05      -19.95

   32      0.0000      4.5308      0.7442
            21.32      -20.77

   33      0.0000      4.5308      0.7682
            22.59      -21.59

   34      0.0000      4.5308      0.7922
            23.86      -22.40

   35      0.0000      4.5308      0.8162
            25.13      -23.22

   36      0.0000      4.5308      0.8402
            26.41      -24.04

   37      0.0000      4.5308      0.8642
            27.68      -24.85

   38      0.0000      4.5308      0.8882
            28.95      -25.67

   39      0.0000      4.5308      0.9122
            30.22      -26.48

   40      0.0000      4.5308      0.9362
            31.50      -27.30

   41      0.0000      4.5308      0.9602
            32.77      -28.12

   42      0.0000      4.5308      0.9842
            34.04      -28.93

   43      0.0000      4.5308      1.0082
            35.31      -29.75

   44      0.0000      4.5308      1.0322
            36.59      -30.57

   45      0.0000      4.5308      1.0562
            37.86      -31.38

   46      0.0000      4.5308      1.0802
            39.13      -32.20

   47      0.0000      4.5308      1.1042
            40.40      -33.01

   48      0.0000      4.5308      1.1283
            41.67      -33.83

   49      0.0000      4.5308      1.1523
            42.95      -34.65

   50      0.0000      4.5308      1.1763
            44.22      -35.46

   51      0.0000      4.5308      1.2003
            45.49      -36.28

   52      0.0000      4.5308      1.2243
            46.76      -37.09

   53      0.0000      4.5308      1.2483
            48.04      -37.91

   54      0.0000      4.5308      1.2723
            49.31      -38.73

   55      0.0000      4.5308      1.2963
            50.58      -39.54

   56      0.0000      4.5308      1.3203
            51.85      -40.36

   57      0.0000      4.5308      1.3443
            53.13      -41.18

   58      0.0000      4.5308      1.3683
            54.40      -41.99

   59      0.0000      4.5308      1.3923
            55.67      -42.81

   60      0.0000      4.5308      1.4163
            56.94      -43.62

   61      0.0000      4.5308      1.4403
            58.21      -44.44

   62      0.0000      4.5308      1.4643
            59.49      -45.26

   63      0.0000      4.5308      1.4883
            60.76      -46.07

   64      0.0000      4.5308      1.5123
            62.03      -46.89

   65      0.0000      4.5308      1.5363
            63.30      -47.71

   66      0.0000      4.5308      1.5604
            64.58      -48.52

   67      0.0000      4.5308      1.5844
            65.85      -49.34

   68      0.0000      4.5308      1.6084
            67.12      -50.15

   69      0.0000      4.5308      1.6324
            68.39      -50.97

   70      0.0000      4.5308      1.6564
            69.66      -51.79

   71      0.0000      4.5308      1.6804
            70.94      -52.60

   72      0.0000      4.5308      1.7044
            72.21      -53.42

   73      0.0000      4.5308      1.7284
            73.48      -54.23

   74      0.0000      4.5308      1.7524
            74.75      -55.05

   75      0.0000      4.5308      1.7764
            76.03      -55.87

   76      0.0000      4.5308      1.8004
            77.30      -56.68

   77      0.0000      4.5308      1.8244
            78.57      -57.50

   78      0.0000      4.5308      1.8484
            79.84      -58.32

   79      0.0000      4.5308      1.8724
            81.12      -59.13

   80      0.0000      4.5308      1.8964
            82.39      -59.95

   81      0.0000      4.5308      1.9204
            83.66      -60.76

   82      0.0000      4.5308      1.9444
            84.93      -61.58

   83      0.0000      4.5308      1.9684
            86.20      -62.40

   84      0.0000      4.5308      1.9925
            87.48      -63.21

   85      0.0000      4.5308      2.0165
            88.75      -64.03

   86      0.0000      4.5308      2.0405
            90.02      -64.84

   87      0.0000      4.5308      2.0645
            91.29      -65.66

   88      0.0000      4.5308      2.0885
            92.57      -66.48

   89      0.0000      4.5308      2.1125
            93.84      -67.29

   90      0.0000      4.5308      2.1365
            95.11      -68.11

   91      0.0000      4.5308      2.1605
            96.38      -68.93

   92      0.0000      4.5308      2.1845
            97.66      -69.74

   93      0.0000      4.5308      2.2085
            98.93      -70.56

   94      0.0000      4.5308      2.2325
           100.20      -71.37

   95      0.0000      4.5308      2.2565
           101.47      -72.19

   96      0.0000      4.5308      2.2805
           102.74      -73.01

   97      0.0000      4.5308      2.3045
           104.02      -73.82

   98      0.0000      4.5308      2.3285
           105.29      -74.64

   99      0.0000      4.5308      2.3525
           106.56      -75.46

  100      0.0000      4.5308      2.3765
           107.83      -76.27


Infeasibilities =     0
Elapsed time:       2.78 seconds
